8328
2733
8361
1629
7261
3199
8652
9120
2480
5481
3443
7219
4383
2606
7809
2335
3062
5708
202
3149
4827
9771
9818
5651
7309
3910
1059
292
4241
7369
3239
1881
6568
3652
701
8666
5912
4008
5083
9861
4375
7167
7978
9187
5408
226
2058
8520
6358
4933
9743
8489
8215
2052
4225
5723
3031
6810
8723
9730
6287
7834
3985
6529
4486
1979
8669
653
1803
3827
9890
1654
1097
5653
7741
67
4754
5255
1867
9934
6171
7188
2444
2600
4753
5614
9456
72
8299
8448
8988
678
5194
4906
1584
6029
5108
7259
1383
4442
9388
2842
646
7619
9197
8228
6469
6253
498
3390
9539
412
5160
6725
660
7794
4675
9851
758
732
9864
4464
3741
4108
8087
6468
1193
4366
1539
9062
8900
6909
8849
4713
4623
4177
2899
5422
6892
12
2303
8754
3345
2975
2298
9492
7049
6963
6503
8672
327
1150
331
7569
9268
712
3535
1790
3314
8324
80
9426
9047
1397
9154
1403
5368
3650
7393
508
3527
3315
9070
3141
824
4254
5324
8471
5847
2685
5801
5628
6553
8863
3903
1405
1331
9718
8385
9978
4771
4578
2578
8126
1184
6407
2623
955
5122
9970
6056
2407
111
9734
7884
1931
9428
9166
4195
6470
8593
7927
4088
8524
1734
1944
4715
3330
1729
1747
3960
5826
6896
2499
7256
6429
7349
9435
7004
6692
3015
8612
8403
5884
1858
5292
1063
9884
6323
262
5961
1625
5233
6117
4250
7265
4611
9471
1281
2209
8826
5120
7013
6339
9416
221
7949
9698
2971
6680
2095
401
1623
9421
2762
1478
3781
8023
2451
6836
5169
7869
6829
6665
2467
3406
1429
8972
7811
2586
7447
386
6425
258
1016
9582
4879
7394
9284
3279
2877
8806
3168
5006
6513
3783
2309
3298
9660
4086
545
3027
8320
2730
4057
2916
4512
5015
4904
4037
6087
1585
3837
938
8995
6361
1044
5756
7550
5876
3609
3805
3379
2059
1991
3578
3753
4273
7840
8654
7007
6881
5462
9638
2602
9511
3952
6558
8275
7527
9732
2914
2772
6779
7337
9805
142
4768
8642
7586
3835
3689
8441
2151
7983
9382
707
8481
3865
1591
7761
9509
8474
1907
9837
720
6547
6138
6465
8213
4581
1909
3019
4824
3709
3717
9969
603
3372
4913
6391
3184
2844
345
5268
1036
9245
5328
3603
3670
8545
8239
7654
9619
4704
2103
7341
1321
3971
9641
7514
7471
6413
6684
2187
1995
3237
8055
6632
573
2846
1043
6477
6844
6269
5869
841
9929
1693
1685
8504
3581
9761
711
2129
1831
1581
807
3215
2135
2726
4629
526
1736
3032
2133
6758
5023
7808
2581
6700
4031
109
6070
2446
4335
7401
9265
3447
7417
335
7643
7155
7638
8729
8048
5114
7147
285
8623
2174
499
6271
1575
65
1450
6082
1966
6160
4424
5254
7762
7900
9855
5698
4503
2093
9507
2188
6672
7009
6145
6762
2111
4651
8029
1780
4831
8183
4251
8158
8214
4934
50
2484
5391
7302
4392
1761
727
4214
1492
1156
1827
1527
2570
6654
7858
2573
6678
7283
8244
3762
1929
8313
8102
8207
8045
3119
637
6932
5703
9573
9109
287
89
6965
849
6434
7228
9956
8307
323
6695
1132
9357
5332
4809
4636
1409
2786
1587
1592
7251
7704
3766
4299
9670
3460
9751
3106
5543
3634
9686
7481
9080
6741
3799
9039
3530
6505
4172
719
3802
4349
1123
8227
3605
1348
9423
3641
2448
3557
1457
8154
6047
7945
2782
5630
5326
8930
4510
9478
8551
6746
7547
7310
3764
6003
7364
1192
9281
4169
2689
1662
2963
1419
6164
1836
5541
9313
3369
7187
3662
8434
9704
6926
8172
8744
387
3122
1987
2314
8442
2523
5312
8700
4502
4790
692
2692
3939
6552
3964
7359
4154
9645
8694
164
4738
9766
8464
1425
168
1068
9007
1553
2208
1152
8525
5118
4599
8056
1871
7427
94
3982
218
4643
3088
2472
7584
6941
1912
2699
6996
2995
241
3797
463
3669
5070
3303
9391
6955
6076
4937
9329
870
3815
1783
1655
1502
4662
9706
6641
729
7553
2833
2567
7358
4435
5161
4478
9747
9125
8991
211
6764
7760
3645
6095
1573
4798
1603
5561
1849
3648
8303
3706
9191
5402
1955
8516
4451
3644
1884
5871
3905
9346
4634
6724
1227
3354
5374
5007
6815
8334
5782
6441
9826
8730
437
1690
6564
5511
8079
7037
8304
9021
3217
9948
4978
6991
4577
5188
2378
2834
6501
2497
7357
265
4382
4639
1428
4426
8296
3534
1523
4119
9892
2420
8196
4783
7287
2680
3602
3542
7503
5570
4830
3577
9687
2783
7178
4026
7199
9610
156
3908
1451
5726
8796
2387
175
5980
2064
1574
2657
4981
7407
2253
1283
8438
8078
9675
2341
7930
2424
5370
9035
4348
7787
8109
1962
9040
4183
1218
2968
3227
1286
4899
8194
9775
8387
495
3070
7215
16
8971
7966
9692
3658
1644
1000
3771
3961
1682
7088
5889
9727
3316
2442
4786
9333
1434
162
7271
9060
7031
6040
4014
9719
5088
2750
2856
3547
5011
9111
8357
2012
2405
8940
3902
6914
8821
5459
2392
6212
4045
2839
8639
867
873
2722
5429
5189
8827
2350
6185
4294
3181
8197
3170
2981
958
820
5380
3703
6849
1201
4255
6397
4648
5882
6270
8824
5054
3687
7916
5697
932
4268
9559
768
7423
4930
3133
3850
6772
144
5574
9457
8677
2777
5699
1786
4894
643
6594
6485
9248
4688
5206
3572
5622
1930
4336
1611
6377
4796
5940
1639
4979
8250
2912
7660
1424
8882
8901
2532
3292
8573
1200
14
1086
4549
3280
2097
7679
4060
4743
9332
8412
4460
5165
5449
1784
3000
2509
5502
8799
3646
6716
1228
3683
8271
303
900
5137
5177
7262
2997
5152
8752
1714
7346
1679
9526
6198
4240
3942
3555
7168
5337
5159
663
5209
9288
7870
3216
7925
3678
2588
3128
6073
9452
562
2214
7617
6802
896
2398
1733
2700
8686
9483
9291
7940
2980
2945
6303
4307
5243
8680
6196
1091
2642
6351
959
7223
843
2403
903
2139
5297
7044
9046
2493
9579
2710
3538
5572
7137
7005
3777
6667
5447
4003
9387
6675
7040
7450
347
4499
5281
3877
3779
9988
177
5030
3201
5413
9395
1615
1628
1320
2211
856
138
5880
5234
1446
306
4413
2158
5997
4972
2958
3956
1721
2991
7769
4818
2840
9041
8835
2202
8712
1845
7385
5182
4476
5875
4153
6538
4269
3884
9791
3432
5522
2941
8054
9419
6748
8186
1165
7477
8657
9425
7381
6237
8493
9703
4905
9534
3349
8522
1890
6244
9210
742
6532
7841
3893
8943
8472
8121
7319
6362
6987
6261
5395
2716
6178
2347
6016
9925
5598
4430
4519
1530
9397
4379
7293
6401
9442
9800
9056
2836
4368
8783
7891
5322
1889
2629
4602
2702
2816
1663
6296
6511
5017
2892
5727
6908
1359
6440
2312
1902
1406
7778
8638
4264
4534
9101
8480
9064
5262
9827
4729
2022
9806
8164
2223
4690
8459
4109
7063
9042
1217
515
1388
5946
9756
2280
6895
5423
6186
605
6583
4867
1579
2513
55
8820
2455
9699
91
9839
271
1233
8969
3842
721
8072
894
919
5248
9749
4211
9516
3794
6649
1873
7957
6031
8685
2473
1658
2768
2186
1017
8665
671
6179
8069
6980
354
8762
9392
3727
8195
1021
7315
7721
8601
4040
6085
8114
6977
7449
7505
7476
9585
8625
7574
6788
3722
5859
1223
9025
3118
2880
2485
6837
6561
4162
1857
2564
8687
7152
75
8566
1797
925
2704
9159
1028
3395
9277
486
4805
5821
783
5288
8577
7723
3357
3995
876
2683
5936
8083
4945
1936
9438
5133
2428
1344
9940
8529
6543
5966
6631
7206
6284
5618
9700
2537
3047
4506
6976
7800
5604
6053
8059
5081
4072
9465
4593
2540
7832
1543
7720
3705
2812
6653
8837
8188
8338
750
8187
694
983
1609
7645
6370
5507
5433
5926
9168
4576
8534
9055
9145
3386
9971
9408
6585
5841
3637
2336
1806
9232
9420
8033
593
7406
2604
9179
8628
4449
253
6392
1964
2323
9809
6109
1882
3366
689
3746
8964
1709
9554
6683
5089
5022
9368
777
1347
3500
9468
5301
5347
6686
2388
9702
4687
8583
622
7929
6710
8562
9090
918
4309
1299
5314
3055
7993
8348
9257
679
9561
1314
3730
2911
5003
1115
4530
8204
556
4760
6037
4329
8498
5955
5845
8619
3368
5035
7362
4888
8776
9754
533
4587
9658
232
4973
5590
1499
456
1859
1568
1892
1163
2539
4782
801
13
6567
9919
4140
2515
973
6233
2050
6869
5676
5308
5896
4914
9683
6015
6297
4525
6153
5993
8202
5417
6072
4210
9104
8728
9066
3937
1617
8710
3690
3321
5567
5783
2979
4175
8962
4326
5625
2609
544
2576
2321
1577
2018
1198
6315
762
4488
3377
6006
8494
3117
3350
1828
948
1056
57
8749
3638
1608
2970
4201
2687
3451
9721
334
7391
5979
652
7838
8547
6800
576
2305
6789
7373
738
3540
6845
7435
9366
8404
5080
6944
1222
4938
9883
1071
3143
5244
2795
6835
3442
6121
9642
7693
4221
5205
2794
4101
6481
3508
3233
2401
6918
6321
6595
7516
5211
1087
9606
6292
8046
5755
6740
2661
6867
8297
3860
4801
5043
9997
668
6589
5594
9155
8216
9668
2920
7267
9107
4789
2729
6984
5973
8137
460
5456
5128
21
3526
9835
295
4056
1438
2650
7416
5309
1565
8418
3024
6917
564
8124
9469
4774
7051
3359
4166
4155
9400
2938
9143
3071
7737
3382
6139
8553
8468
5411
6190
2656
7856
2313
9841
6000
7210
3503
9152
3792
9453
3056
2984
2067
1525
4563
3221
3502
2144
9894
7289
775
7816
2584
8317
73
2572
5891
4603
9623
4895
1277
8301
7658
5562
7094
682
9089
7812
5848
8670
2364
572
8346
6588
2492
4814
7624
819
1974
5575
6994
4900
5163
4248
6182
5838
1482
5460
3040
7484
4762
3404
4544
8265
5960
8461
1951
7873
9783
8017
1567
5306
9448
3258
8765
8298
9613
1229
2417
877
5975
100
3385
1243
26
7837
4917
9556
3729
7102
7159
810
1692
9228
910
1776
7946
2754
2974
8488
4150
3218
405
1379
3991
9297
7772
992
1590
4819
8253
9378
8914
1937
4180
7652
1915
6545
8076
446
3569
9233
4354
3892
1785
280
8220
7395
1860
827
8206
5714
6256
2084
1099
6122
2025
4432
4974
2076
5919
830
7785
4200
1910
1866
3060
6648
9745
4171
6034
8535
748
9976
7562
2394
3949
25
2009
7240
3081
9647
6616
165
816
9017
8717
2435
4730
2950
8549
7132
9003
9544
9759
7549
1220
9980
4707
8974
1295
5668
2190
1725
1155
6044
361
6735
2937
3946
8350
3132
4822
8363
1801
5168
9122
1969
7738
1261
2634
4318
309
4935
6728
1465
5407
6422
6951
9484
9932
8757
8477
6851
8722
7973
7630
2154
2925
3301
3246
8292
2707
3626
3327
6787
8219
5872
3755
3099
7958
1811
3171
2619
1267
43
3659
6132
4773
7463
1151
531
857
7472
1972
1308
7780
115
374
9549
2624
5685
9235
6267
244
2334
6727
8021
4205
7805
4994
6447
1334
9984
1732
5439
9253
490
1515
9347
2255
4398
8716
2505
7114
88
7844
2362
4374
6861
2804
3048
879
5792
3282
1749
3677
9413
6933
3416
3612
5443
6341
4781
6796
4965
6458
3904
7878
4560
1445
127
4855
9982
5180
9290
817
1137
2771
4452
8132
4284
650
8703
8907
8410
2544
7126
2299
6144
6871
7928
1141
3473
440
8899
1919
7296
2966
4212
5171
3073
6324
2306
3430
7718
792
8895
3069
1441
7897
8599
4562
2183
2317
6268
3006
7610
1199
8014
393
3754
9163
7023
7090
2173
3518
4111
2784
9489
2389
7376
7011
8614
3320
5965
4986
90
2808
7053
3001
5354
2478
2459
7249
329
6754
8274
7402
2029
7371
4524
3715
1265
8978
9096
7489
5316
6106
6982
7535
8013
8147
8319
1957
598
7165
837
607
9725
6126
4999
4406
5612
4077
6514
5531
7599
5785
2056
9999
4637
4804
3958
1923
3186
296
3567
8185
8311
3720
317
3409
4953
6831
6051
7583
4490
8383
2014
11
7209
7911
2872
4507
1917
5143
9828
3642
4384
6860
3222
5365
5110
7026
767
8210
1862
8150
7374
8720
2234
3097
967
1934
1774
1187
5968
3966
5336
157
2476
504
3030
9358
9259
5298
3774
3744
612
5472
4683
1146
1104
1490
9877
5416
4989
3588
5392
4884
5241
6273
1415
7691
6114
9787
3702
4537
9955
3424
665
7754
7592
6691
1829
5962
146
6120
8049
9857
8751
1588
1183
4597
6805
9173
7097
4500
2967
56
3917
8283
8976
7396
4262
674
681
9592
4656
7321
4315
4471
6
7629
8526
8536
6519
7975
851
4028
7998
4321
3434
5715
1770
6704
9742
5855
9513
510
7680
5493
5257
4712
3761
3934
6528
4826
5345
3944
5900
1035
9733
4206
7464
8284
3667
447
4024
7496
1038
2083
2615
4135
1402
148
4071
6418
7715
2773
3782
3317
2632
6726
5707
1001
4052
1933
7864
4732
4817
1169
924
219
4184
4138
4067
8430
2149
8847
8349
6898
1292
5098
703
4487
7384
3283
5702
8788
5678
120
2951
8397
1728
1950
3772
2116
7485
1076
6658
5381
6751
8853
6457
6540
8727
8061
5879
4626
210
5719
8128
5480
9130
6852
7342
62
7595
8816
7110
8814
9869
9636
7390
9528
3161
1422
9123
2465
8557
726
1701
9801
3209
1927
957
7696
6254
7093
4275
5794
9995
7467
3276
2900
4356
7591
9603
6381
8949
3257
977
9149
521
8747
5002
5764
355
6870
2300
7354
5701
3897
6259
6797
8263
7058
969
9986
6066
3380
4189
1757
5716
6536
4033
3873
917
552
9355
7254
7773
2641
35
6067
6389
9156
3219
5334
4021
5829
4222
2486
3087
6753
3495
1226
139
5319
5773
1248
5086
1189
5467
7085
4810
7827
5510
3824
4063
8151
4357
8255
8543
2797
1711
9977
5787
3037
1614
5632
2798
6757
7231
986
8645
24
1667
699
6225
9738
7972
1005
8866
8898
6628
3429
6959
8629
5637
3913
1460
4120
9854
4671
9461
9077
6313
3231
2069
2898
7524
2830
5579
4332
4946
6957
7487
7919
5115
6059
1470
1443
7886
6455
6671
5478
3449
3394
8272
5503
9587
2203
7042
9449
5621
6923
7133
5538
7361
4085
173
4892
20
7465
8230
2590
9373
353
365
538
8624
3716
6042
4232
5524
5300
8366
7233
9726
3940
9186
5532
9849
6219
209
8198
5935
4695
6950
2324
6956
455
2790
6475
7793
5041
7119
2163
875
8372
2109
5693
9967
2155
2563
380
6288
5817
9356
7683
3918
2694
1716
3819
6045
6848
9885
1800
7796
81
8785
9782
1640
4227
3178
3757
8175
6008
1142
8786
1135
2474
9772
8691
7662
5906
847
7618
8062
3093
8269
6715
1325
6730
2262
6846
2212
9581
6720
2217
9531
5547
2558
1998
7348
5799
2944
5489
277
1343
6826
4187
5483
5183
7181
4663
633
6998
2003
1175
922
9010
307
5563
7648
497
9525
2905
7714
9057
4536
2081
6240
9367
4304
696
9231
3439
1837
5145
4322
8368
9737
3898
1981
9102
3364
7162
2525
5100
9282
4586
1430
6419
4980
3176
8954
4844
1895
6311
6143
7115
9750
5647
8408
6180
892
3740
7022
7286
1145
6931
9189
8318
3635
3611
5266
1649
9673
1557
1793
7190
5393
5996
7492
7272
6767
7140
974
4237
4793
4380
6906
1680
9833
9354
7398
8591
6624
7666
2891
4213
6517
9181
9287
7409
5941
8889
5141
2928
8650
7667
6827
8627
3339
7411
3935
2622
9097
3240
4509
9961
3814
7344
6300
5744
8462
4473
3241
3010
5508
6608
4646
7589
2796
4820
9731
4141
6626
7915
5916
8232
6962
7644
1519
3046
6081
4047
9872
9444
1963
137
3680
445
3875
3112
2461
5400
2533
3398
7347
8921
7868
7180
8360
1621
2184
98
6129
8140
9911
1088
3750
6334
3041
4104
9915
4828
9374
6877
5147
4404
8070
7214
3250
2137
7279
3654
8780
6336
2807
7708
874
6701
2169
7670
8706
1870
7079
9052
5420
297
4457
6387
8737
5059
5317
8822
8975
962
9482
5338
1872
8957
3780
518
9832
9082
880
5259
8233
6232
5554
4049
8692
263
7334
8527
8797
1322
2780
6824
2498
1724
6525
8261
6439
8661
8598
3226
6141
8182
9267
3072
3192
3595
5383
5582
9300
1754
9639
6625
340
3507
9466
8211
8384
2870
9840
2649
4224
3304
4148
2073
7742
3923
946
8658
5094
6942
8293
8688
9518
6685
8927
4161
2946
5528
3478
8431
2895
2361
9862
7432
2176
8589
378
6077
3458
956
3775
2374
6208
1147
2483
7350
4292
326
428
8955
2477
425
2377
2411
6125
5273
2595
1812
2273
231
1864
5018
4806
45
9649
8306
7552
3969
8805
3426
7418
5692
7070
7608
1758
4124
9031
5734
4741
3139
5776
2104
1231
6803
9774
7345
8644
790
5812
2792
9527
7967
6902
3573
3450
8287
293
7933
7460
3583
2952
4745
5846
5680
4431
5885
6410
9723
1073
2988
7367
7064
9794
8143
9364
8939
9678
3104
4465
8439
6088
8359
215
7775
1294
1185
8390
4208
803
1024
1276
7525
4397
1307
6912
7073
3021
4744
2917
2328
7301
2390
1357
8478
5673
7104
6555
4458
8597
3140
1404
9850
5930
6640
5803
5806
963
5406
8100
6635
7948
1813
2617
3549
9480
4653
5959
7131
7343
6364
3739
6385
5509
3005
2159
3743
4134
5031
5058
8615
4176
4429
5474
4436
2257
7716
4668
246
5967
1700
683
8532
8801
6220
6775
1032
7634
2904
5536
6782
8726
3519
9555
2450
6925
5327
2396
1313
547
909
5091
8036
9243
685
9935
5099
4032
9250
2372
666
5142
5272
4728
2308
2589
1633
1019
4719
1166
2865
8998
2826
5245
7156
920
5166
4428
9472
149
1593
6280
8928
6781
3901
7222
8445
5284
3872
6451
1913
4066
9863
9881
9907
1607
4319
626
1604
5564
7030
8936
6969
6539
1818
4090
5475
5753
2977
6894
7047
4686
3483
8635
9530
9124
1236
4355
3310
9142
6607
7425
7641
7815
1336
7770
942
8450
41
1216
4627
9545
644
8981
7241
3272
5343
8495
9617
4971
1426
6571
2252
2813
2329
3697
4121
6890
3988
8084
1781
2582
1315
787
9648
2171
444
4050
528
4142
7707
737
9211
5124
8987
5566
9131
1407
8396
7659
8016
5705
6864
8001
4940
691
6086
9371
5470
4845
2005
4019
2471
2524
6404
6619
3220
3079
6507
842
1538
5358
2746
4926
1687
1671
4046
9223
2538
8044
7596
8884
1047
4720
6484
3163
3878
4039
7444
1209
2080
8681
336
8558
7260
5867
3336
7833
7015
9797
4144
9609
1990
9779
585
1726
9170
2320
2013
4242
206
8774
3065
2004
9172
1710
8982
8294
484
8420
6242
1414
3376
5134
6083
7694
2503
731
834
8224
1835
3023
4107
4236
4777
8766
9244
1278
4703
3941
1985
3854
167
7014
6495
1221
6298
5471
1512
8190
3323
2664
590
5897
8449
6202
565
9351
1514
5077
6496
2170
3367
1287
7429
1851
3195
2915
6157
9709
2027
8922
5105
4532
659
9758
1042
203
8377
5560
541
278
4058
7880
4708
4287
6559
6032
7758
9897
2511
2753
7506
5242
2079
8180
5287
5034
6388
4233
1372
9681
1619
1796
7991
2172
3362
9741
1084
8117
9328
2616
6993
9132
501
7931
5666
6613
964
1536
9508
2463
1888
2055
2770
5260
7170
8011
4535
5121
9202
2886
1263
9165
8540
6676
9586
7543
2276
4291
4089
3672
63
4239
9817
1526
9584
1394
4769
7134
7853
3664
1436
4439
9434
7907
6107
8530
8517
2655
5061
8490
7120
6402
8192
7974
7089
3981
6611
6093
9467
5200
3255
2247
9140
3618
282
9634
4497
1215
6204
4880
2517
6183
4975
4598
1863
1106
2557
3565
1119
2828
2541
8581
2601
3418
4256
7603
5808
8973
5928
613
3692
4724
1583
4015
3752
9813
6985
8810
5401
6230
6384
9157
5277
4342
661
2379
3188
3407
2630
8139
6128
6330
5667
4011
33
8725
259
9454
5307
6365
3510
9626
1841
350
7122
3846
5686
3438
5235
8770
3089
18
3984
8606
4625
5258
7245
1839
4792
1332
1285
5451
614
804
8915
2256
3784
9161
2041
5469
1695
6592
3017
1427
7748
87
9947
7285
5104
4244
6215
3686
4009
4752
8699
4386
2717
8268
6275
3146
4448
8491
5351
629
8277
6897
5949
4017
9547
6030
6910
6889
5106
7867
7213
48
2072
1114
3733
1262
2352
9865
9204
9214
5265
2229
6068
7332
3852
9901
9396
3413
7420
5633
770
2293
3333
3576
2120
4416
5431
3983
3230
3996
4389
8386
4988
2458
7081
7198
264
8423
5263
9473
475
3225
8734
8006
5252
7056
822
6158
2367
4282
4022
2760
485
1374
8944
5359
5095
7068
9871
2596
2075
7135
150
9717
1224
2972
7563
1096
7428
7861
7786
5629
7559
5463
4042
4615
7727
4192
4571
4816
3437
7893
9938
2819
155
9375
5724
7848
2010
1057
6657
2882
9768
3506
4846
1237
7597
8798
432
927
6883
9065
3770
2507
7032
5012
6633
1947
5853
2063
4558
4565
9690
3735
639
9095
9028
348
132
291
3828
4087
3371
4739
1456
7697
5750
3840
4860
3927
9724
2102
9893
5286
8031
4327
9950
8769
8475
8997
1025
4997
7017
4685
5642
3948
7823
7642
2811
1697
9808
6650
7517
4270
5170
6446
5757
2809
248
3617
1475
9856
5640
9523
9602
7203
4614
9784
8110
5664
5620
5348
8358
8289
7908
7166
9345
4794
8561
9334
6235
7158
5970
8291
3992
2749
8364
3528
1771
2007
3108
753
7533
2543
9212
3660
6255
6872
8506
4857
5857
1398
1612
7639
8066
4296
912
6929
7331
7914
8440
2978
4246
8618
4283
1486
5682
7305
96
6479
1513
881
9083
1752
2565
125
7442
1190
1647
7247
3200
321
3205
4829
5062
3876
1743
4528
7970
6882
2419
9657
6206
7195
5778
3391
2368
3631
458
1699
2230
3790
255
4561
6319
4075
8587
3632
3156
3694
601
9190
7590
7631
7000
7194
1234
5559
4866
761
8086
2452
7392
2562
6060
9896
3862
8660
9309
9175
7016
5860
5844
7782
3401
3640
9519
6491
5339
3472
4041
2330
8355
9201
7685
9311
1464
79
7605
7523
3468
1634
6597
3247
351
3896
8217
1303
3347
8690
8875
9620
7430
3337
1520
8993
1202
2318
5047
3798
8596
7325
7336
3973
8683
7968
9487
2853
9000
8091
2666
1905
7263
627
4412
4542
3593
4220
8112
6488
7453
7947
560
878
1316
936
1230
4691
151
4013
2200
502
2993
7300
141
1874
3289
6250
9486
5952
6812
6217
7519
2383
1976
1883
3619
9153
503
467
4352
1177
5712
2693
4390
7646
8469
1641
2625
8636
4320
6172
4882
8038
914
8807
6380
6617
8877
1799
2723
4746
7965
8718
328
5739
1521
1140
2691
548
2108
5436
4556
8714
8321
4920
8649
1376
119
7817
1925
3675
6731
356
3111
3374
3307
4840
4813
4903
6927
8064
6512
6116
3499
3497
104
1657
5999
9843
760
8393
8873
5887
251
6674
8310
7499
7151
7792
9037
1740
6137
3979
6022
6689
3052
3254
2845
5219
1959
8830
4665
4064
8559
7934
4203
2332
4434
160
3381
6174
3269
3681
3153
2731
9503
7424
5995
1782
4370
8093
2852
579
2068
6177
1817
4157
8594
8090
2462
4423
1009
9572
2142
1824
818
5932
4910
4943
7578
2057
6722
8647
7229
6111
8701
823
5113
3977
1242
9616
3759
2778
8
2475
418
404
3999
9460
4303
5608
3580
4661
2559
7673
3414
1389
5735
838
5925
8643
6499
7105
8985
7582
9150
2739
4068
4996
5983
7593
8067
3034
145
4373
523
9195
3592
7548
2408
6544
6444
7633
6094
1789
6408
1250
4573
5299
5476
3521
7312
4029
5584
1311
7845
5498
3259
5613
2612
5953
3003
5078
6135
5010
4861
5399
2801
7936
4579
6353
1458
2526
6773
3870
6602
2566
4725
9105
316
9067
5294
5972
3758
8634
5674
7244
1707
6668
6609
7018
2278
1197
5185
8379
940
6995
7185
6175
7717
6431
4838
9081
2851
3275
2568
8103
5123
2674
657
9295
5586
8460
7352
4834
2421
5212
4689
2996
6780
2775
5747
4314
9372
2413
1310
220
4164
8428
3676
4016
6997
19
1737
419
4779
3745
4605
3869
2883
9931
364
7161
5305
9831
4540
9631
3512
4414
6289
9853
128
1078
9654
9781
8170
8057
5291
435
1442
7709
8245
3582
6857
5092
825
1046
4007
8446
546
5873
7082
2756
970
9249
5877
2386
8236
662
3841
5153
9439
2789
6046
4633
9319
5754
9029
9684
6785
1566
3331
3493
4170
3344
8419
3256
6974
6382
5208
8515
1302
2737
9788
4193
7150
7397
5204
8436
718
7698
7483
1766
4559
4310
6472
1081
5805
2821
7400
9611
1272
9349
615
7078
3210
6366
7598
1787
7546
2441
3571
7791
8037
6301
7276
5084
5992
2973
7954
4245
3668
4949
8931
5816
9118
3480
78
7252
1354
2310
8051
6466
1210
9093
2520
4924
764
3356
8885
4850
4074
9084
5663
42
8970
5865
123
4837
7497
4890
8736
9160
4541
8705
1375
1345
5742
1385
240
6409
7087
8050
2855
8632
9655
589
6839
1620
5512
4693
5690
708
4363
673
1173
9237
3138
519
4133
688
6476
2876