
Sorting Algorithm : Parallel Merge Sort
Time Taken :0.98399257659912116
8
11
12
13
14
16
18
19
20
21
24
25
26
33
35
41
42
43
45
48
50
55
56
57
62
63
65
67
72
73
75
78
79
80
81
87
88
89
90
91
94
96
98
100
104
109
111
115
119
120
123
125
127
128
132
137
138
139
141
142
144
145
146
148
149
150
151
155
156
157
160
162
164
165
167
168
173
175
177
202
203
206
209
210
211
215
218
219
220
221
226
231
232
240
241
244
246
248
251
253
255
258
259
262
263
264
265
271
277
278
280
282
285
287
291
292
293
295
296
297
303
306
307
309
316
317
321
323
326
327
328
329
331
334
335
336
340
345
347
348
350
351
353
354
355
356
361
364
365
374
378
380
386
387
393
401
404
405
412
418
419
425
428
432
435
437
440
444
445
446
447
455
456
458
460
463
467
475
484
485
486
490
495
497
498
499
501
502
503
504
508
510
515
518
519
521
523
526
528
531
533
538
541
544
545
546
547
548
552
556
560
562
564
565
572
573
576
579
585
589
590
593
598
601
603
605
607
612
613
614
615
622
626
627
629
633
637
639
643
644
646
650
652
653
657
659
660
661
662
663
665
666
668
671
673
674
678
679
681
682
683
685
688
689
691
692
694
696
699
701
703
707
708
711
712
718
719
720
721
726
727
729
731
732
737
738
742
748
750
753
758
760
761
762
764
767
768
770
775
777
783
787
790
792
801
803
804
807
810
816
817
818
819
820
822
823
824
825
827
830
834
837
838
841
842
843
847
849
851
856
857
867
870
873
874
875
876
877
878
879
880
881
892
894
896
900
903
909
910
912
914
917
918
919
920
922
924
925
927
932
936
938
940
942
946
948
955
956
957
958
959
962
963
964
967
969
970
973
974
977
983
986
992
1000
1001
1005
1009
1016
1017
1019
1021
1024
1025
1028
1032
1035
1036
1038
1042
1043
1044
1046
1047
1056
1057
1059
1063
1068
1071
1073
1076
1078
1081
1084
1086
1087
1088
1091
1096
1097
1099
1104
1106
1114
1115
1119
1123
1132
1135
1137
1140
1141
1142
1145
1146
1147
1150
1151
1152
1155
1156
1163
1165
1166
1169
1173
1175
1177
1183
1184
1185
1187
1189
1190
1192
1193
1197
1198
1199
1200
1201
1202
1209
1210
1215
1216
1217
1218
1220
1221
1222
1223
1224
1226
1227
1228
1229
1230
1231
1233
1234
1236
1237
1242
1243
1248
1250
1261
1262
1263
1265
1267
1272
1276
1277
1278
1281
1283
1285
1286
1287
1292
1294
1295
1299
1302
1303
1307
1308
1310
1311
1313
1314
1315
1316
1320
1321
1322
1325
1331
1332
1334
1336
1343
1344
1345
1347
1348
1354
1357
1359
1372
1374
1375
1376
1379
1383
1385
1388
1389
1394
1397
1398
1402
1403
1404
1405
1406
1407
1409
1414
1415
1419
1422
1424
1425
1426
1427
1428
1429
1430
1434
1436
1438
1441
1442
1443
1445
1446
1450
1451
1456
1457
1458
1460
1464
1465
1470
1475
1478
1482
1486
1490
1492
1499
1502
1512
1513
1514
1515
1519
1520
1521
1523
1525
1526
1527
1530
1536
1538
1539
1543
1553
1557
1565
1566
1567
1568
1573
1574
1575
1577
1579
1581
1583
1584
1585
1587
1588
1590
1591
1592
1593
1603
1604
1607
1608
1609
1611
1612
1614
1615
1617
1619
1620
1621
1623
1625
1628
1629
1633
1634
1639
1640
1641
1644
1647
1649
1654
1655
1657
1658
1662
1663
1667
1671
1679
1680
1682
1685
1687
1690
1692
1693
1695
1697
1699
1700
1701
1707
1709
1710
1711
1714
1716
1721
1724
1725
1726
1728
1729
1732
1733
1734
1736
1737
1740
1743
1747
1749
1752
1754
1757
1758
1761
1766
1770
1771
1774
1776
1780
1781
1782
1783
1784
1785
1786
1787
1789
1790
1793
1796
1797
1799
1800
1801
1803
1806
1811
1812
1813
1817
1818
1824
1827
1828
1829
1831
1835
1836
1837
1839
1841
1845
1849
1851
1857
1858
1859
1860
1862
1863
1864
1866
1867
1870
1871
1872
1873
1874
1881
1882
1883
1884
1888
1889
1890
1892
1895
1902
1905
1907
1909
1910
1912
1913
1915
1917
1919
1923
1925
1927
1929
1930
1931
1933
1934
1936
1937
1944
1947
1950
1951
1955
1957
1959
1962
1963
1964
1966
1969
1972
1974
1976
1979
1981
1985
1987
1990
1991
1995
1998
2003
2004
2005
2007
2009
2010
2012
2013
2014
2018
2022
2025
2027
2029
2041
2050
2052
2055
2056
2057
2058
2059
2063
2064
2067
2068
2069
2072
2073
2075
2076
2079
2080
2081
2083
2084
2093
2095
2097
2102
2103
2104
2108
2109
2111
2116
2120
2129
2133
2135
2137
2139
2142
2144
2149
2151
2154
2155
2158
2159
2163
2169
2170
2171
2172
2173
2174
2176
2183
2184
2186
2187
2188
2190
2200
2202
2203
2208
2209
2211
2212
2214
2217
2223
2229
2230
2234
2247
2252
2253
2255
2256
2257
2262
2273
2276
2278
2280
2293
2298
2299
2300
2303
2305
2306
2308
2309
2310
2312
2313
2314
2317
2318
2320
2321
2323
2324
2328
2329
2330
2332
2334
2335
2336
2341
2347
2350
2352
2361
2362
2364
2367
2368
2372
2374
2377
2378
2379
2383
2386
2387
2388
2389
2390
2392
2394
2396
2398
2401
2403
2405
2407
2408
2411
2413
2417
2419
2420
2421
2424
2428
2435
2441
2442
2444
2446
2448
2450
2451
2452
2455
2458
2459
2461
2462
2463
2465
2467
2471
2472
2473
2474
2475
2476
2477
2478
2480
2483
2484
2485
2486
2492
2493
2497
2498
2499
2503
2505
2507
2509
2511
2513
2515
2517
2520
2523
2524
2525
2526
2532
2533
2537
2538
2539
2540
2541
2543
2544
2557
2558
2559
2562
2563
2564
2565
2566
2567
2568
2570
2572
2573
2576
2578
2581
2582
2584
2586
2588
2589
2590
2595
2596
2600
2601
2602
2604
2606
2609
2612
2615
2616
2617
2619
2622
2623
2624
2625
2629
2630
2632
2634
2641
2642
2649
2650
2655
2656
2657
2661
2664
2666
2674
2680
2683
2685
2687
2689
2691
2692
2693
2694
2699
2700
2702
2704
2707
2710
2716
2717
2722
2723
2726
2729
2730
2731
2733
2737
2739
2746
2749
2750
2753
2754
2756
2760
2762
2768
2770
2771
2772
2773
2775
2777
2778
2780
2782
2783
2784
2786
2789
2790
2792
2794
2795
2796
2797
2798
2801
2804
2807
2808
2809
2811
2812
2813
2816
2819
2821
2826
2828
2830
2833
2834
2836
2839
2840
2842
2844
2845
2846
2851
2852
2853
2855
2856
2865
2870
2872
2876
2877
2880
2882
2883
2886
2891
2892
2895
2898
2899
2900
2904
2905
2911
2912
2914
2915
2916
2917
2920
2925
2928
2937
2938
2941
2944
2945
2946
2950
2951
2952
2958
2963
2966
2967
2968
2970
2971
2972
2973
2974
2975
2977
2978
2979
2980
2981
2984
2988
2991
2993
2995
2996
2997
3000
3001
3003
3005
3006
3010
3015
3017
3019
3021
3023
3024
3027
3030
3031
3032
3034
3037
3040
3041
3046
3047
3048
3052
3055
3056
3060
3062
3065
3069
3070
3071
3072
3073
3079
3081
3087
3088
3089
3093
3097
3099
3104
3106
3108
3111
3112
3117
3118
3119
3122
3128
3132
3133
3138
3139
3140
3141
3143
3146
3149
3153
3156
3161
3163
3168
3170
3171
3176
3178
3181
3184
3186
3188
3192
3195
3199
3200
3201
3205
3209
3210
3215
3216
3217
3218
3219
3220
3221
3222
3225
3226
3227
3230
3231
3233
3237
3239
3240
3241
3246
3247
3250
3254
3255
3256
3257
3258
3259
3269
3272
3275
3276
3279
3280
3282
3283
3289
3292
3298
3301
3303
3304
3307
3310
3314
3315
3316
3317
3320
3321
3323
3327
3330
3331
3333
3336
3337
3339
3344
3345
3347
3349
3350
3354
3356
3357
3359
3362
3364
3366
3367
3368
3369
3371
3372
3374
3376
3377
3379
3380
3381
3382
3385
3386
3390
3391
3394
3395
3398
3401
3404
3406
3407
3409
3413
3414
3416
3418
3424
3426
3429
3430
3432
3434
3437
3438
3439
3442
3443
3447
3449
3450
3451
3458
3460
3468
3472
3473
3478
3480
3483
3493
3495
3497
3499
3500
3502
3503
3506
3507
3508
3510
3512
3518
3519
3521
3526
3527
3528
3530
3534
3535
3538
3540
3542
3547
3549
3555
3557
3565
3567
3569
3571
3572
3573
3576
3577
3578
3580
3581
3582
3583
3588
3592
3593
3595
3602
3603
3605
3609
3611
3612
3617
3618
3619
3626
3631
3632
3634
3635
3637
3638
3640
3641
3642
3644
3645
3646
3648
3650
3652
3654
3658
3659
3660
3662
3664
3667
3668
3669
3670
3672
3675
3676
3677
3678
3680
3681
3683
3686
3687
3689
3690
3692
3694
3697
3702
3703
3705
3706
3709
3715
3716
3717
3720
3722
3727
3729
3730
3733
3735
3739
3740
3741
3743
3744
3745
3746
3750
3752
3753
3754
3755
3757
3758
3759
3761
3762
3764
3766
3770
3771
3772
3774
3775
3777
3779
3780
3781
3782
3783
3784
3790
3792
3794
3797
3798
3799
3802
3805
3814
3815
3819
3824
3827
3828
3835
3837
3840
3841
3842
3846
3850
3852
3854
3860
3862
3865
3869
3870
3872
3873
3875
3876
3877
3878
3884
3892
3893
3896
3897
3898
3901
3902
3903
3904
3905
3908
3910
3913
3917
3918
3923
3927
3934
3935
3937
3939
3940
3941
3942
3944
3946
3948
3949
3952
3956
3958
3960
3961
3964
3966
3969
3971
3973
3977
3979
3981
3982
3983
3984
3985
3988
3991
3992
3995
3996
3999
4003
4007
4008
4009
4011
4013
4014
4015
4016
4017
4019
4021
4022
4024
4026
4028
4029
4031
4032
4033
4037
4039
4040
4041
4042
4045
4046
4047
4049
4050
4052
4056
4057
4058
4060
4063
4064
4066
4067
4068
4071
4072
4074
4075
4077
4085
4086
4087
4088
4089
4090
4101
4104
4107
4108
4109
4111
4119
4120
4121
4124
4133
4134
4135
4138
4140
4141
4142
4144
4148
4150
4153
4154
4155
4157
4161
4162
4164
4166
4169
4170
4171
4172
4175
4176
4177
4180
4183
4184
4187
4189
4192
4193
4195
4200
4201
4203
4205
4206
4208
4210
4211
4212
4213
4214
4220
4221
4222
4224
4225
4227
4232
4233
4236
4237
4239
4240
4241
4242
4244
4245
4246
4248
4250
4251
4254
4255
4256
4262
4264
4268
4269
4270
4273
4275
4282
4283
4284
4287
4291
4292
4294
4296
4299
4303
4304
4307
4309
4310
4314
4315
4318
4319
4320
4321
4322
4326
4327
4329
4332
4335
4336
4342
4348
4349
4352
4354
4355
4356
4357
4363
4366
4368
4370
4373
4374
4375
4379
4380
4382
4383
4384
4386
4389
4390
4392
4397
4398
4404
4406
4412
4413
4414
4416
4423
4424
4426
4428
4429
4430
4431
4432
4434
4435
4436
4439
4442
4448
4449
4451
4452
4457
4458
4460
4464
4465
4471
4473
4476
4478
4486
4487
4488
4490
4497
4499
4500
4502
4503
4506
4507
4509
4510
4512
4519
4524
4525
4528
4530
4532
4534
4535
4536
4537
4540
4541
4542
4544
4549
4556
4558
4559
4560
4561
4562
4563
4565
4571
4573
4576
4577
4578
4579
4581
4586
4587
4593
4597
4598
4599
4602
4603
4605
4611
4614
4615
4623
4625
4626
4627
4629
4633
4634
4636
4637
4639
4643
4646
4648
4651
4653
4656
4661
4662
4663
4665
4668
4671
4675
4683
4685
4686
4687
4688
4689
4690
4691
4693
4695
4703
4704
4707
4708
4712
4713
4715
4719
4720
4724
4725
4728
4729
4730
4732
4738
4739
4741
4743
4744
4745
4746
4752
4753
4754
4760
4762
4768
4769
4771
4773
4774
4777
4779
4781
4782
4783
4786
4789
4790
4792
4793
4794
4796
4798
4801
4804
4805
4806
4809
4810
4813
4814
4816
4817
4818
4819
4820
4822
4824
4826
4827
4828
4829
4830
4831
4834
4837
4838
4840
4844
4845
4846
4850
4855
4857
4860
4861
4866
4867
4879
4880
4882
4884
4888
4890
4892
4894
4895
4899
4900
4903
4904
4905
4906
4910
4913
4914
4917
4920
4924
4926
4930
4933
4934
4935
4937
4938
4940
4943
4945
4946
4949
4953
4965
4971
4972
4973
4974
4975
4978
4979
4980
4981
4986
4988
4989
4994
4996
4997
4999
5002
5003
5006
5007
5010
5011
5012
5015
5017
5018
5022
5023
5030
5031
5034
5035
5041
5043
5047
5054
5058
5059
5061
5062
5070
5077
5078
5080
5081
5083
5084
5086
5088
5089
5091
5092
5094
5095
5098
5099
5100
5104
5105
5106
5108
5110
5113
5114
5115
5118
5120
5121
5122
5123
5124
5128
5133
5134
5137
5141
5142
5143
5145
5147
5152
5153
5159
5160
5161
5163
5165
5166
5168
5169
5170
5171
5177
5180
5182
5183
5185
5188
5189
5194
5200
5204
5205
5206
5208
5209
5211
5212
5219
5233
5234
5235
5241
5242
5243
5244
5245
5248
5252
5254
5255
5257
5258
5259
5260
5262
5263
5265
5266
5268
5272
5273
5277
5281
5284
5286
5287
5288
5291
5292
5294
5297
5298
5299
5300
5301
5305
5306
5307
5308
5309
5312
5314
5316
5317
5319
5322
5324
5326
5327
5328
5332
5334
5336
5337
5338
5339
5343
5345
5347
5348
5351
5354
5358
5359
5365
5368
5370
5374
5380
5381
5383
5391
5392
5393
5395
5399
5400
5401
5402
5406
5407
5408
5411
5413
5416
5417
5420
5422
5423
5429
5431
5433
5436
5439
5443
5447
5449
5451
5456
5459
5460
5462
5463
5467
5469
5470
5471
5472
5474
5475
5476
5478
5480
5481
5483
5489
5493
5498
5502
5503
5507
5508
5509
5510
5511
5512
5522
5524
5528
5531
5532
5536
5538
5541
5543
5547
5554
5559
5560
5561
5562
5563
5564
5566
5567
5570
5572
5574
5575
5579
5582
5584
5586
5590
5594
5598
5604
5608
5612
5613
5614
5618
5620
5621
5622
5625
5628
5629
5630
5632
5633
5637
5640
5642
5647
5651
5653
5663
5664
5666
5667
5668
5673
5674
5676
5678
5680
5682
5685
5686
5690
5692
5693
5697
5698
5699
5701
5702
5703
5705
5707
5708
5712
5714
5715
5716
5719
5723
5724
5726
5727
5734
5735
5739
5742
5744
5747
5750
5753
5754
5755
5756
5757
5764
5773
5776
5778
5782
5783
5785
5787
5792
5794
5799
5801
5803
5805
5806
5808
5812
5816
5817
5821
5826
5829
5838
5841
5844
5845
5846
5847
5848
5853
5855
5857
5859
5860
5865
5867
5869
5871
5872
5873
5875
5876
5877
5879
5880
5882
5884
5885
5887
5889
5891
5896
5897
5900
5906
5912
5916
5919
5925
5926
5928
5930
5932
5935
5936
5940
5941
5946
5949
5952
5953
5955
5959
5960
5961
5962
5965
5966
5967
5968
5970
5972
5973
5975
5979
5980
5983
5992
5993
5995
5996
5997
5999
6000
6003
6006
6008
6015
6016
6022
6029
6030
6031
6032
6034
6037
6040
6042
6044
6045
6046
6047
6051
6053
6056
6059
6060
6066
6067
6068
6070
6072
6073
6076
6077
6081
6082
6083
6085
6086
6087
6088
6093
6094
6095
6106
6107
6109
6111
6114
6116
6117
6120
6121
6122
6125
6126
6128
6129
6132
6135
6137
6138
6139
6141
6143
6144
6145
6153
6157
6158
6160
6164
6171
6172
6174
6175
6177
6178
6179
6180
6182
6183
6185
6186
6190
6196
6198
6202
6204
6206
6208
6212
6215
6217
6219
6220
6225
6230
6232
6233
6235
6237
6240
6242
6244
6250
6253
6254
6255
6256
6259
6261
6267
6268
6269
6270
6271
6273
6275
6280
6284
6287
6288
6289
6292
6296
6297
6298
6300
6301
6303
6311
6313
6315
6319
6321
6323
6324
6330
6334
6336
6339
6341
6351
6353
6358
6361
6362
6364
6365
6366
6370
6377
6380
6381
6382
6384
6385
6387
6388
6389
6391
6392
6397
6401
6402
6404
6407
6408
6409
6410
6413
6418
6419
6422
6425
6429
6431
6434
6439
6440
6441
6444
6446
6447
6451
6455
6457
6458
6465
6466
6468
6469
6470
6472
6475
6476
6477
6479
6481
6484
6485
6488
6491
6495
6496
6499
6501
6503
6505
6507
6511
6512
6513
6514
6517
6519
6525
6528
6529
6532
6536
6538
6539
6540
6543
6544
6545
6547
6552
6553
6555
6558
6559
6561
6564
6567
6568
6571
6583
6585
6588
6589
6592
6594
6595
6597
6602
6607
6608
6609
6611
6613
6616
6617
6619
6624
6625
6626
6628
6631
6632
6633
6635
6640
6641
6648
6649
6650
6653
6654
6657
6658
6665
6667
6668
6671
6672
6674
6675
6676
6678
6680
6683
6684
6685
6686
6689
6691
6692
6695
6700
6701
6704
6710
6715
6716
6720
6722
6724
6725
6726
6727
6728
6730
6731
6735
6740
6741
6746
6748
6751
6753
6754
6757
6758
6762
6764
6767
6772
6773
6775
6779
6780
6781
6782
6785
6787
6788
6789
6796
6797
6800
6802
6803
6805
6810
6812
6815
6824
6826
6827
6829
6831
6835
6836
6837
6839
6844
6845
6846
6848
6849
6851
6852
6857
6860
6861
6864
6867
6869
6870
6871
6872
6877
6881
6882
6883
6889
6890
6892
6894
6895
6896
6897
6898
6902
6906
6908
6909
6910
6912
6914
6917
6918
6923
6925
6926
6927
6929
6931
6932
6933
6941
6942
6944
6950
6951
6955
6956
6957
6959
6962
6963
6965
6969
6974
6976
6977
6980
6982
6984
6985
6987
6991
6993
6994
6995
6996
6997
6998
7000
7004
7005
7007
7009
7011
7013
7014
7015
7016
7017
7018
7022
7023
7026
7030
7031
7032
7037
7040
7042
7044
7047
7049
7051
7053
7056
7058
7063
7064
7068
7070
7073
7078
7079
7081
7082
7085
7087
7088
7089
7090
7093
7094
7097
7102
7104
7105
7110
7114
7115
7119
7120
7122
7126
7131
7132
7133
7134
7135
7137
7140
7147
7150
7151
7152
7155
7156
7158
7159
7161
7162
7165
7166
7167
7168
7170
7178
7180
7181
7185
7187
7188
7190
7194
7195
7198
7199
7203
7206
7209
7210
7213
7214
7215
7219
7222
7223
7228
7229
7231
7233
7240
7241
7244
7245
7247
7249
7251
7252
7254
7256
7259
7260
7261
7262
7263
7265
7267
7271
7272
7276
7279
7283
7285
7286
7287
7289
7293
7296
7300
7301
7302
7305
7309
7310
7312
7315
7319
7321
7325
7331
7332
7334
7336
7337
7341
7342
7343
7344
7345
7346
7347
7348
7349
7350
7352
7354
7357
7358
7359
7361
7362
7364
7367
7369
7371
7373
7374
7376
7381
7384
7385
7390
7391
7392
7393
7394
7395
7396
7397
7398
7400
7401
7402
7406
7407
7409
7411
7416
7417
7418
7420
7423
7424
7425
7427
7428
7429
7430
7432
7435
7442
7444
7447
7449
7450
7453
7460
7463
7464
7465
7467
7471
7472
7476
7477
7481
7483
7484
7485
7487
7489
7492
7496
7497
7499
7503
7505
7506
7514
7516
7517
7519
7523
7524
7525
7527
7533
7535
7543
7546
7547
7548
7549
7550
7552
7553
7559
7562
7563
7569
7574
7578
7582
7583
7584
7586
7589
7590
7591
7592
7593
7595
7596
7597
7598
7599
7603
7605
7608
7610
7617
7618
7619
7624
7629
7630
7631
7633
7634
7638
7639
7641
7642
7643
7644
7645
7646
7648
7652
7654
7658
7659
7660
7662
7666
7667
7670
7673
7679
7680
7683
7685
7691
7693
7694
7696
7697
7698
7704
7707
7708
7709
7714
7715
7716
7717
7718
7720
7721
7723
7727
7737
7738
7741
7742
7748
7754
7758
7760
7761
7762
7769
7770
7772
7773
7775
7778
7780
7782
7785
7786
7787
7791
7792
7793
7794
7796
7800
7805
7808
7809
7811
7812
7815
7816
7817
7823
7827
7832
7833
7834
7837
7838
7840
7841
7844
7845
7848
7853
7856
7858
7861
7864
7867
7868
7869
7870
7873
7878
7880
7884
7886
7891
7893
7897
7900
7907
7908
7911
7914
7915
7916
7919
7925
7927
7928
7929
7930
7931
7933
7934
7936
7940
7945
7946
7947
7948
7949
7954
7957
7958
7965
7966
7967
7968
7970
7972
7973
7974
7975
7978
7983
7991
7993
7998
8001
8006
8011
8013
8014
8016
8017
8021
8023
8029
8031
8033
8036
8037
8038
8044
8045
8046
8048
8049
8050
8051
8054
8055
8056
8057
8059
8061
8062
8064
8066
8067
8069
8070
8072
8076
8078
8079
8083
8084
8086
8087
8090
8091
8093
8100
8102
8103
8109
8110
8112
8114
8117
8121
8124
8126
8128
8132
8137
8139
8140
8143
8147
8150
8151
8154
8158
8164
8170
8172
8175
8180
8182
8183
8185
8186
8187
8188
8190
8192
8194
8195
8196
8197
8198
8202
8204
8206
8207
8210
8211
8213
8214
8215
8216
8217
8219
8220
8224
8227
8228
8230
8232
8233
8236
8239
8244
8245
8250
8253
8255
8261
8263
8265
8268
8269
8271
8272
8274
8275
8277
8283
8284
8287
8289
8291
8292
8293
8294
8296
8297
8298
8299
8301
8303
8304
8306
8307
8310
8311
8313
8317
8318
8319
8320
8321
8324
8328
8334
8338
8346
8348
8349
8350
8355
8357
8358
8359
8360
8361
8363
8364
8366
8368
8372
8377
8379
8383
8384
8385
8386
8387
8390
8393
8396
8397
8403
8404
8408
8410
8412
8418
8419
8420
8423
8428
8430
8431
8434
8436
8438
8439
8440
8441
8442
8445
8446
8448
8449
8450
8459
8460
8461
8462
8464
8468
8469
8471
8472
8474
8475
8477
8478
8480
8481
8488
8489
8490
8491
8493
8494
8495
8498
8504
8506
8515
8516
8517
8520
8522
8524
8525
8526
8527
8529
8530
8532
8534
8535
8536
8540
8543
8545
8547
8549
8551
8553
8557
8558
8559
8561
8562
8566
8573
8577
8581
8583
8587
8589
8591
8593
8594
8596
8597
8598
8599
8601
8606
8612
8614
8615
8618
8619
8623
8624
8625
8627
8628
8629
8632
8634
8635
8636
8638
8639
8642
8643
8644
8645
8647
8649
8650
8652
8654
8657
8658
8660
8661
8665
8666
8669
8670
8672
8677
8680
8681
8683
8685
8686
8687
8688
8690
8691
8692
8694
8699
8700
8701
8703
8705
8706
8710
8712
8714
8716
8717
8718
8720
8722
8723
8725
8726
8727
8728
8729
8730
8734
8736
8737
8744
8747
8749
8751
8752
8754
8757
8762
8765
8766
8769
8770
8774
8776
8780
8783
8785
8786
8788
8796
8797
8798
8799
8801
8805
8806
8807
8810
8814
8816
8820
8821
8822
8824
8826
8827
8830
8835
8837
8847
8849
8853
8863
8866
8873
8875
8877
8882
8884
8885
8889
8895
8898
8899
8900
8901
8907
8914
8915
8921
8922
8927
8928
8930
8931
8936
8939
8940
8943
8944
8949
8954
8955
8957
8962
8964
8969
8970
8971
8972
8973
8974
8975
8976
8978
8981
8982
8985
8987
8988
8991
8993
8995
8997
8998
9000
9003
9007
9010
9017
9021
9025
9028
9029
9031
9035
9037
9039
9040
9041
9042
9046
9047
9052
9055
9056
9057
9060
9062
9064
9065
9066
9067
9070
9077
9080
9081
9082
9083
9084
9089
9090
9093
9095
9096
9097
9101
9102
9104
9105
9107
9109
9111
9118
9120
9122
9123
9124
9125
9130
9131
9132
9140
9142
9143
9145
9149
9150
9152
9153
9154
9155
9156
9157
9159
9160
9161
9163
9165
9166
9168
9170
9172
9173
9175
9179
9181
9186
9187
9189
9190
9191
9195
9197
9201
9202
9204
9210
9211
9212
9214
9223
9228
9231
9232
9233
9235
9237
9243
9244
9245
9248
9249
9250
9253
9257
9259
9265
9267
9268
9277
9281
9282
9284
9287
9288
9290
9291
9295
9297
9300
9309
9311
9313
9319
9328
9329
9332
9333
9334
9345
9346
9347
9349
9351
9354
9355
9356
9357
9358
9364
9366
9367
9368
9371
9372
9373
9374
9375
9378
9382
9387
9388
9391
9392
9395
9396
9397
9400
9408
9413
9416
9419
9420
9421
9423
9425
9426
9428
9434
9435
9438
9439
9442
9444
9448
9449
9452
9453
9454
9456
9457
9460
9461
9465
9466
9467
9468
9469
9471
9472
9473
9478
9480
9482
9483
9484
9486
9487
9489
9492
9503
9507
9508
9509
9511
9513
9516
9518
9519
9523
9525
9526
9527
9528
9530
9531
9534
9539
9544
9545
9547
9549
9554
9555
9556
9559
9561
9572
9573
9579
9581
9582
9584
9585
9586
9587
9592
9602
9603
9606
9609
9610
9611
9613
9616
9617
9619
9620
9623
9626
9631
9634
9636
9638
9639
9641
9642
9645
9647
9648
9649
9654
9655
9657
9658
9660
9668
9670
9673
9675
9678
9681
9683
9684
9686
9687
9690
9692
9698
9699
9700
9702
9703
9704
9706
9709
9717
9718
9719
9721
9723
9724
9725
9726
9727
9730
9731
9732
9733
9734
9737
9738
9741
9742
9743
9745
9747
9749
9750
9751
9754
9756
9758
9759
9761
9766
9768
9771
9772
9774
9775
9779
9781
9782
9783
9784
9787
9788
9791
9794
9797
9800
9801
9805
9806
9808
9809
9813
9817
9818
9826
9827
9828
9831
9832
9833
9835
9837
9839
9840
9841
9843
9849
9850
9851
9853
9854
9855
9856
9857
9861
9862
9863
9864
9865
9869
9871
9872
9877
9881
9883
9884
9885
9890
9892
9893
9894
9896
9897
9901
9907
9911
9915
9919
9925
9929
9931
9932
9934
9935
9938
9940
9947
9948
9950
9955
9956
9961
9967
9969
9970
9971
9976
9977
9978
9980
9982
9984
9986
9988
9995
9997
9999
